$ANSIBLE_VAULT;1.1;AES256
37646562353263313738303665323961363433343664616130663266356539613137313839623639
6536303339316234336239646536623438313566313065360a356661363863613863373530643636
36393035346531616266386431316437316138303261386164393462366139613736343566356438
3163323333366334320a376632653434663564396633653832313863613162326535343164316264
65633163386233613139623931643430633132366437636139336537613663346433353537303864
33653239663833306630356331366435396537306139643338633363356234323431393834656233
64303939643664643637636538363734616434636565313031323763353963383432653961336464
34326165323939353135656137366561666565303564323065306539643466643466393030333432
31313466393862353538363266373038376266313032383634333135633037386637653166306539
33373233616231356232653237346261333138366139393561326562663963613265323763376238
31396362383164613036353265323332626639366666346564316531643864343233623932343964
37306239323465336266623433346463353363313932626232353334613938643064383466343562
64313233623830326162303164633339656462613537373830356430306239306235653834313237
33373664633065626664336363306566643034646462373066643439336636643363646637313032
36626365316537653635316563643930616363653966616637373163653730386334376432643632
33393134376462363239333061666562663139393464396130663233393865613033363465343236
30396331356464656537393130663565343764366166326162373965643430646135613239366538
35376330626466633535336666393933663934356534316437303735313632363862626139316563
33373164383163373630333666336363346235393864366266646630333265653332366135373764
36633630363036623137346235613637376364623766336338313831633733303465316434653032
37303136393432316462643863303261643235363038353866333062653633373936303633363935
62363563623439373733373764383530323061623865386138653161616664386339616634323435
31383637333135333130633239646438623731666433373039373836666437616161326130343039
31376137313239613466343235623931363531383863376366363266376537386636333763616233
33326364353562313164653264323861653532656564303539356430373639663730666563393563
61386531353063303838613735623162396432303331663061613165383339323464363365396631
37666261666364386663633832353062336463626362373834613235633933346262653234346137
35386138613261363034323337643333396164343965646335353335646635646230343431646666
30343931303132653431313361393532306662306131613638313935326334356562633963303636
34623466346430323737663263616139663537303663656236633266363635306466346533653363
34303831326261623237363239326437613734323162363339383630343662633637353263323462
62323735633831393662636233633335326237663563366535666230623036303761613437643136
34326239376663656239343333623434656231343562333234363163313737336435383932656234
61316366363737346437396235303832666638633334333930383461653833393933303565303033
33613165383466363764343234343862353231643731353462366263373637316630393263663065
37643264623762663336633565306238316235303137323066373562613464316562366262343764
65323666323839393863653965663564656535623565316331626439326366356364646438623632
33383334666361363265346330353165353563316333636435613833346130363063356439373835
38336439346431303636316664666230313036326131643639353130316238643433333765366436
62356335353166363734363366616666386238336664366431353131666263353466313030313239
62343537663361303833633339373630353239643962306265666335653833313038356463313365
32663739303462333436643437376565656538373137343866303366373034613238333639663166
30646431356135396234313739656133643339623334306261663331373935656262613461396564
63663865333565346131663865643363353064323731626133346464383066383264363564313839
35653537383339646431643232303332363639393232306430336164303531306138356439373337
61373336373761316638346333613833386366333266643835666438333430386233646338633835
36333465383664343563613738663939323635643736373961333266623639616632363432363939
61373039613665313235653933393831346235396238633539393630656163636534333466663834
34323866393062336264323439336632323730363461653732663161646663343430383264353138
61653239633563373736363633626538313839376538323862383330653532323537303039623765
39653434323338333736643834313537336535613333326461613062633131316534366361353338
62366561353633656334373733386562396563326235393135656337623663356132393735663236
33636538386532306563626537356135643735393832336534343730346536646161336662646237
30613765366161396366643034646262656434393134383835363562623438353866343236396238
64656532383338343031363738356265376263326639396539663461643833306432316565363030
65353663323939643763626437616532363466393830646363616632373236333238313532663233
31373535313566613962393261666134323338383666326635346432363535306336336537303936
35346662623765666265626264303066396136363239623034336136333762636266643831663637
62333264336463626361363530346435623533653262353537643139373537623462646661386337
61663462626362373235643535363336393837653964623539646634663632653536316631383635
32323662633631663235356638336233653532323839643365626233666134383465636564396133
32646333313266373964643237383766636531303233346165343463333166363035613462643535
33306561373938303862663862646439353363643465333332373135333136323239616264306562
37646434393037646231343165333231653735313365363035613161633339326166353865623235
33353665626132353937383236663163633066376636393066626537383262663534653237623062
39383465393961653635373132643837623332343231356363333635313233303561653735386336
30316264663438653130623935326639623366356363316366616132336635666366326663333731
39323664396335343831363966343262373934313830366164653936333564323334343232386130
37336666393738376338396333646561656437356239373064613630393935653462333134353631
65326166346636393562613431393865326330643562323238626530633131383536363164653637
66336439343266356630356634633964666261633061323430646638386333313138353661303566
35653932653962633939333338666664323531373532386339383735333334633335336234393263
65643338303730623137306638643930343839373831343633646437313062626531323866383234
63383532666636376666326536383539373934346332386237643765306534383434623361353337
34653438666334656437633937653738386261356166623530323631363336613331393663376231
61343138363934316636386164633231393265623466646363333638303836316566393764393066
37373862373336613661383538373734393538333665346562373137366638303534613362666266
33376431323435343134333136653062636531643030306532376534643366303665316134343031
36316164386161646234323466623661346263343561373336356564626565366231373562316330
63373832373433333065633531396363393735353834356437333636303933363164653164363134
33383632323831663330623737373134396563636234363238393631353731353162363336373063
63643864653137656361396237623863643764656462396263663339343966383433313832316638
30333063383436323032626661306531366137633035663330663661333032616466643531343633
34666337363139356665646663613862383665623366393138326664346162636633376232366166
36373635306165626431363837336637386164323765306266396565346535333464373561346530
64623363343435393431666234646637326333323730333935656335363634643830373036643736
31323365303936383932366433363464613033643664633337326666336536356430343132356431
62353365333132656461363235333037653732336462303833633332643136353439656137303962
66646564633830663939656332333334653830323535386435313163626561323761323036346433
39353937353863663534626131613665326261326466356366626433643238346630393833643062
38353763663261393236346331623166316464326138326430323963393730623332616437643161
35313830326334323263356134656131633736326235303162666363396634316264386435383335
63313263646462373035336336346362643638636137373033356533623761336463613731353530
63356562636332383538623532633564343834393536373836626337316462363766366235616262
39326330646334643166363461356666356630383338663165643937356566666562376563393531
37373931363830663831303663313964393339346538373637363032623162336339626364363635
39623564353464373332363335623366343231643438353432306266393130653033616364316431
62623234343130363532353430306166663835336530323364313166636336363237393330663537
63366166313833663866613763613264353263383166333031616534393664326461656635646537
35323337636631323536
