$ANSIBLE_VAULT;1.1;AES256
35376537663939333030633132336532643034316430663833303639343266363836373531356438
3935396133343337353435663362373364663339333138390a623938653732393339353339343862
30613138393261363134333261636133383838353735653134316263613130393332373937313038
3863623664646537300a646664396334633366313632666435623064646466396566313634626430
62613966616662343533383736386263656262323465333766393334366262326466393932396561
61636531313563326130643432336336316430613636633362313235643265303330636161313431
66313766306637396137643131356563303432646638366161353265646237643630343065363761
37666166626532616632393138643666396565613461383461353737323239323565386338383230
63383537303463393732393836323939303734383765393564636262343866613337376363656561
62393237653563643937363131313334623161363734386139393363636236333639613461636265
38386438626665333664343132323936646330386233626538393265346464393634316438343466
64626534333662333139
