$ANSIBLE_VAULT;1.1;AES256
37373239336161666137383534656635303334313461396432666665373439326634323932623166
3966346333323262333430356463366666656631303039640a323762633466323438633165323532
65303464383139623035633630373163386331373137373838336166323432616336636230656564
3332326438663935330a663830643764366565323733343862333662376131393232343537323636
64353064643834343366336263393365353262303537373630653462343038616435336661653638
66313038383032646164666139383263306563366433346366383238613663313935343830313466
32663634343662333236353864636430616438626464343536336431663435663564396330326530
32653863343437343133316438353539363332393235326661376135356436663563383738306632
61656264333465613938313535366238646138393466316638373962666463653263303265313039
65333032353137663636636262373237646265623730323330303966333935643237343330626636
39376531353065653537636463343939386633386661613635316466333265633238613230326563
33313231356664633832356362363931393636376464616536633930636166626266366161303461
31653835336535636264383865353733386365643832363366613463613264383132363630646330
37653835646562346366356631356362393662333862346166386532663661616334363966663234
35303738343433356566636330363138353738376435363630343632333134393163383264343839
32313336323665303963316264646233666531666134656439393633636533383239653331303038
66613463353234333233376338663231376434663738653465383430393461663061653161323932
39326539613464643437383239336665386336613437366533613537343639663364633463656462
39653938643365663139333138333231306534633164313630316335386633363933623166313831
34396130346632343534373265353735326537623261336263653132376539646438366462643838
37343365313862313166363131386230653639306433656134353931653334306338626634363164
35326261626464346461396561316465386633646635393063646663666565666231306235633961
36613435666263643134616163626562383564326634306336313436393237623937333664343335
33346533396263633062353334656363663966393030333435333536366239326433323563303966
61346439623237333266336439383532363762353737343562383965663262636337663435643432
33316137326331393365343761376566376538343732393235363035393739363439323666366632
62633933643332346465333765346661643062343165653233643735643561666533333135346433
66616564303530643038343230366265303463633939613864306230393932323663373739383534
66306638643065653733373037663262363635316663366631333861613536633066393034623734
65623665636637666561666430643533363935356232666665663035353963313062643830323233
33323064386530653232373933663134626461663162323364613535613561373831656463656130
32613131323234643866303133346333363033623537303562336632346164633236346332613739
63646439626439376430653031363962653566633061633535643732656638373661616439313134
35353333313065633939366137366465656262313535656338303139643064613637376632663364
33396161613336613032306163323764613938376235613866313031373431363965363766313966
61613933633035643334363630363963316232373636323936646233383133326133663462636432
33396638623833623837396334333931373863356263636630626237613238616337326664343566
32303731333831633533623632353732393762363365646366613836383031363933383935646432
36323938663633333932663835353236323062306233653133393333373430396161363835646266
66356235646362353865373466303763613232363763613465383566376330343938393334323135
33376165643330336136356134383336383733346535313032393566353431633862336238376332
62376633323632363862323466393032633931653830396563333233626661633666313764636233
66376664393766373066633439643235303734396332666531646561373263313163633532343336
34626131313565343236353564346635663838353337663464366635373830303032643963396561
38393361363065386663663161303637353833396337326363623736333864636134
