$ANSIBLE_VAULT;1.1;AES256
38366563653065303866656330323162666163326437663032653836613530373764623837396237
3933383033666636663361393139643764653566613037620a323761663837623862383632643065
65663865633133373630316563326262333961373035373333616436326130323736383261306266
3064353339323265300a356436386235646566383739663634383734623161303530623435386233
30343433373730373666616132663863653561643534393264346364396232346566633137376465
33336338356435356661646331666138336162326637363061323732383664333162363335333636
32643665616438323032336565313038376333323963383631373339373865323736346431396362
64643131303035313638636636393939623830326631303935313666306664623637636234313562
31316464626261646537356265316431616165396531326132626231336532353339313661393734
30623034643938346639653532396131633665653932616233323037323466333863333965333164
65393232396433376339643833643734636165313236383034336136356261636362323632336434
64666666336433646161303135623835386164333439346165326434383066363765326632346136
30376663316662353631383336663766616164646261393030633866333366373731363535616337
6466343839303265343238373932353266396133323334383530
