$ANSIBLE_VAULT;1.1;AES256
33663765393261666462626539646462313365376466346466386266356633633764633266313338
3663613530393330613538353361333866373038393966640a626539626437353965333161643831
64666232313036333132343064333163653562636435633161646362336561323163326162363033
6264643961353630620a323464333332323733353237663538643539383537303462363632383564
31303566626130363833316366383534366130303763663433356435633732346531343761316431
37383464663535643263656132326532376263306336613139616435613038316630333336653762
36386434643864326433323666346462346234373436336562393433656166623033376266393936
37663364303739386561666563316562656136313832656532313333393562613434626332313134
37343331643431663934663865623261633066393661613266663235353232343362636331633761
63303234333864636532303966613736393766383533336361613530643666346461636362636164
36386663386364393065613034653134396430376164323762643963393466653230663238663331
35623962383630333764323130663062306562393438663536666365653532333034613665636662
63663134363265656363313434333363393837333938613965366662313237376162383261353265
3634393562333133643233376336363639396162363266313737
