$ANSIBLE_VAULT;1.1;AES256
39623063653932626434656539373161336666616462373739623736616436346430356263326363
6334383766313733336639643830353365396539393732620a623037366134636538626332653238
62616236376238646665386138323661633136346364663330356463393765303162346662313261
3630653832633432370a663065373031353932376633643964323630323664316236346436663735
30336138343538623630333062303832383162346432313862633163396239363434623330663732
63316564623865613164316562363530396465366665326239386234376634386164303062383132
39306366663839353734336132646233373831613766323864616531313065386366313562383566
38393236633638336138643666616464393864356362656161366539373862613437353562333162
36613161313136313463326136323037623130313238383566656362633861626365633065376163
39323664636463366362346333336232653864353031313163366230313738316138623462373462
35303062393139643734366232633261343365353532326431323539616638633638353163396236
31396436613661376339666138353731663336356631646265363531343037373666396563326366
35323932646662646565616233393337353063386364383865343961306166623663383333326433
6366346337643063353735393335353038623338373263353165
