$ANSIBLE_VAULT;1.1;AES256
32653738623861616466316235663239393732323637643133656532666333326161343565613363
6163333537656139373036633865626533363831353233300a313631306164396136393034343638
61366334333134306635373866383835643564623139623333393163643234363661636138333764
3138366532346464360a316537623861663535613330393665633564386330613732636333326634
33613462643537333838323562363434376663623963396230333336376431656462386235363432
66633561366135346635393264336237623663383136353439653238666438626463626465396238
64653832653361313766656534313332306238396262333535626632616238643133613633373331
66346334303062383738653938633031653838356162373265383534373161646339626230306235
66343333666433373562656438623336353532386333343638376639373764323562646133323865
66346637633235663864653330303564333134313939666134636466616539636661346636626261
62313130613462623232326138306261653633376663313831316637663332323261636337336235
61666434626164666336383537326238356539363330636163663266666333383233613231393735
32363065646138346238316638386338336632623464636566356336653764653630393934663666
6637616464663562646230383739356662643366333730326635
