$ANSIBLE_VAULT;1.1;AES256
37373937373232373563353038633534633937393339616333383264353862386436626166323031
3636633962313431343764656539373339306563383762390a643133393937616566323964356565
66303334393437326438353038373138366336626335663064326239663031613765656332326365
3235373036663630640a363961343830316339633365363239623566323033316539386137643432
65313138333163663132313764663830346362346161313934303335313531643162363461653633
61643263353335623262663334356638353739653833653937633965356363373032363463616263
39613462323563303866383532303633633733656430383838313235306335346666343837333530
39316330373232346530343738393935663831383237346531373130373164323364633537346464
63386636313838363730656362383236383364363939356363636532373764303130373136633439
63343936363462346235323033366639303236643265343933616166616465613565393463353865
32356163356630316633383931363531613935613032623465613333373161666164656335663239
62346433363835626634653230613861623331306461306635343436343164333933633231353433
65373236323562643531383437653662626562643637653932386163316138333664616437346666
3232633435663562343162356563633466303735643932383132
