$ANSIBLE_VAULT;1.1;AES256
61303965303763613133323632326661353133356534336166393738626235653662316337643936
3564396531326631336266623139343131333431303836640a626661656366366631393335663963
65613266643966313830303833383337373837323435633264633531393665613638613964386130
3336666636383831630a633135373365643433326638306138336631323261653661333439613630
32323637383463616364336336343961656133393035643561643032623039386635386330336437
32386361333439653565636138666362356135376439373262386139313562393964666631383837
33313061653035333536373332373333623236613039336664383233393439333231376263323336
39303132396336343232316437326438326432633465666230626638316536646264373365343635
30306565383462306334646161393137343939363134373439343938323334663262316239396165
38613836623234613539323932333232326366336364373531366634373966323365323032393035
32633438666461333535623231613766323665613664376130626462323765663262383530363730
61353962626533376666663332323566396237303937613037653231623731666432363661336233
39386665623032666666633330643838666563326162623034383833633365316162373235393238
6664626235323266326235373432303463366561663835346230
