$ANSIBLE_VAULT;1.1;AES256
66396539653337633131653262303462373635663266313638646665323165326364326432313037
6262633734663836353232653362363037633732343131650a366363353230383739333838343235
65366161303333333066376439623865383866346466646234663635333166656131613233626630
6430393463636639390a666132373131656233623065323937306332643734393838323263613735
64333838613839356362666333323938303761346138373035386630633434656332383063613663
65386239313061393134616635376331633332616565623962666662356330356338326664303534
63373934373537356430653666356538373765316635623138623764373437663132613531633131
31323561383765623032306465643432316439623339653836663761343433376339383932643631
64326337326230363230393931663663623963646661663265646337326635333937643332663163
30616265373937356265376138336563396139646435333062306430363936366231376264353634
37623466333465356434316532323564353839343366373635633135316136306331323736643235
39646161366531336330373531636566333034633930303935666238626265616136646163363632
37396133613637336539343634633336663630623262616239653830363132346462363632356232
3032633533653432326462363338376632623866653036653866
