$ANSIBLE_VAULT;1.1;AES256
36363535356666376161303161326135323635396133343736363336396633393635333566636238
3635363165363665616133613630663635393037313332620a393536663362356234376435343238
62333463636230333061316565653363313633333737303438623733653066643865313866323938
3937336162623433380a383062376130393336343438303035653461643963663831646563323234
61613634633233396564323633316365373039396336616234376433376639333733393433366663
32343238633061636132643632353539613638326132636262353162613862663532356666313963
66346533613664353063393535383462363337663965373561326262383665303039366538633363
66323961656231366137326463646334373730613036663932643034383561393032336161393264
30353935646234626561353765336533643765336437313562316364363133616333323739613333
32613463353136363864643162653539396462646433373034373463346530623363393265623837
65326661643538323135343035366333616130393363346232366531343637666165633139353962
37353061343132353163653161636634386633313038346562646635303032343835643232656231
36396132333762653166313837376335336538613832353731353936353032393966393163643236
6331356635613764643738306639353934646534383462336132
