$ANSIBLE_VAULT;1.1;AES256
30383561356636663333613261306233383034613864353466666364646537373961313735333935
3563356235616135303839333761393138383662613266620a643430333739633635643666383164
35386437373936323530336663653734623262333330633666316564643137393830623530386331
6630663636383037350a306232333363396261386535646231666236303034623766653038386566
32343639343132663234623136636266356437336538343737313435323764356335346539663538
61373034653537316332373339303432646536303763383461313939313061623864643663663638
64306365623231383962643131363632323034333861373738306433323536313662366330343032
37383338353932336464613835346363323239303265303439343537316339326363343936653664
62303935323636313837646137326662656238653735666630613465393866626166626566316438
35346338326538303733663363643163366165613533653763343537316366623935376435316261
31323834353963303866663835323964613830333331343531343966653134656139306433653063
32326530313833303630653739376334393831613430623537353534613363333934616238353532
65616636313166346235626134396164616566653833353630303235393734366139623134373632
3161313538323037386262333637343566613765323466386566
