$ANSIBLE_VAULT;1.1;AES256
32373265643939353532663034376636623230653264336133643937616235396539393163613462
3430353538316461626533336566616638363765613466300a613162653861373464333332653963
38613433626433303064656538636131323366613137343465653265343663336661316639633666
3162363533633535340a383661313739323630393265393662396434326532393331356633366662
30303265313566613933323766376430643538333735383861356432333039306162323463346565
36666163333337386565333266633537616465396361396338643637393663333830363463346636
32323962613262663232656635326461393830333565326162356633336536343662626464303535
39616366616337313230333766303537303331303934643063343230623138326466343962326233
30366330333236316165643437363038376537666665343864336535626263326561376137363964
36343436623936343765343638313162383239663761396439333034336165343761313366393932
31653936623465313330656663613565393731643865366333323236326233643830353164366564
30383836366230386531303163363536313562663038613530363634343135366666633062343661
37636265313332383034636564663932373066633932316163633336396537353632636139643839
6561633561633330333532343932623966633833386235646134
