$ANSIBLE_VAULT;1.1;AES256
61646437663935336131343835343430636464303562623034326330383831373761303466633364
3365616265343439393764366434343534333039346337640a663933333238313734306363343533
34663466613362303036633131393261663664303965653739363966363536646262353936366262
3932353633333764660a656133373431373038383434633636376431353730326633316166336564
63393961383366363161326165613430366132366163343434623939636432643562366436396336
62626133616331366439363866613334643238383331633731656537653631646132623765373637
63653638623431336364343863363238316532333566316463346363353432656139346338646361
39636433623963343262636438343631326432313733323331343034353637346235303565313563
61323864636635373036613430633965323333653035666534393663626666303330343235393365
32623535383865393262373464373162323466623432313737313738656134623033313830643434
33326565613335383435663537623030326637653833613836346164663030613235383064653733
63616562373136303631643538333662386664333335656638333763333766376132333861333532
62643764633630393465653233356262333935643764333932346539646437373164613264623834
3531633135383863373064333333306534336562303336666430
