$ANSIBLE_VAULT;1.1;AES256
62393533346435383832363038356361633532653433333563623733613936313731626538353136
6161353362343561313162663234353336366332626665610a306661393834376637303131356337
32343938386538316636623730323236623261643633323738363332313336393463323861333236
3063353263663366320a393533313065653633623937343338343232303935336235643665663961
66653863313331346264343739323964663634326337363061653361343234316436643563633461
65353537383065333331373933353363353333653866643236646363363132323739346266636366
66306232623536363536303833353434313139383862323333623035396264386162376632376230
31376264383964323638333139363935623562383062653061393462616635643830336238613636
36326536333537613461343832306633343331663731343631333534343766383937363533633764
37396133653134303762393464306439663738626132626234366535343165313935623364363136
39663938646637666564646631353365343964613731623264656133616363333434643665303734
38313337356565383530383562373131323263303663386437366161336362383362366334336330
66636234386166623761363037383433623038663164336130316336656139613531393561376231
6465333866363535373763333866323564633264333032343661
