$ANSIBLE_VAULT;1.1;AES256
31623163373764343231653130333361366230636361633737386531323461353835623162393961
3839393361666662316533646330643036396231653630350a653136646334326265393861646464
66313165383039313237303935663838316532373961363533376236363966623337323734616539
3063326231613733620a306361336464343431396332323630656530653135643766636135633765
31656431343533333839353731613532376333666437623630666336316665363864633134366139
36333332303930373764336437666438643532663535393965653866383239373530373633393935
34373665613064343237656331653638366230643637326162383634623638663437666366326333
36643935666635313665356565346161383437363565383165613361363534653237656230643366
30633230383331626436663266333062356262373464323231313339656163613736626434666130
65333135313739623666613764336538303561623664306463366331383137633266316465313031
61336562376564653334643330343362316333303631366230386662613464363831646232343065
66656333366637316431363665656639336132396264646365326633646134393539616332343461
61633331363564363931613862656162643137346662353637356663376337623432646238373439
3066366337396236663838626266333537356238616165366533
