$ANSIBLE_VAULT;1.1;AES256
30656231306137373236646561643739376631363339386536323261303231366666663837386161
3834653936353765646161623664363836663532653039350a623830383238313266346339366364
63363237303439653736353239623539386132383235623965616433303063393863386437613039
6336343939663064340a383262353238303431323762656461326562363436653461633338323564
36396530313936313564636138393261386261656435663933373130326539303930313137373236
64356635373261653532313938663432653162653033373636663738666330616535373530633663
37663664336363626438303463633763306566623235386130616330323963613130386530326164
31656161393932643830376266343465613132653364333030303633323230636535336531353439
38363837323730613239663735663730306139313339353064643763383066623336336438313366
33336465343132643330353037313265393939333637336631373337376263323462333161343833
37626632393038653961383939393133643064633639336138323263653936373138356261623430
31316430303333653437636330303164663062656338363161336537623436633638333665643239
66653237353234643937373866326462633762626464306133623634393335306266373035313266
6335356161333262306462616633646332376234656161313665
