$ANSIBLE_VAULT;1.1;AES256
34383338376666303935303631623066646362363432626137386335363166376536343334626239
3134326436336462303064656366323038306431653364630a393461323139316633393064313265
34396564326566633635363833643936373034366164353737623534353437373739363433316237
3263376165363731640a336631646338393961656539353335373533353338626362623434613033
62353263613838333536373931393738653233346337396165376431656439336561376336623130
64316563333766616366663266633336373530653133646437393165623039313863346638303464
66393635643432663838636137613638323938653365653537343531326461666263376639303936
64656233346435666663643837306430363762376438323834663665613038383336626462383062
32393733646434343933383530303930613032623864646232643830646234303263643761623664
65366337326166336431313238346664366264343637393336306662353830656662313536366237
64356362356333333935353631656539623936303037306636396436373236376364393136333235
62653031613833666163646430313735336432356166396539333835636263326233383363383439
38313138626331626233383637626236623233363537323861333234653034393832386563653038
3435353635346462353833633036653733636561313635613434
