$ANSIBLE_VAULT;1.1;AES256
31356666313836626665363463646562363331663538336437356264393934356434613535306166
3832343531393030333635376365343565376565343739300a323033663438333430333263333538
63303765303161353431616665356631656634393735386330663463356634303466313430646466
6363646637323033350a623437626431306235366466326533353830633634373733633131613937
65343066613931333634313534346363303639613433646332613362356636333437396139396539
63613838356363313632636666333830383436306265613766383432386530616161356330656433
66653839306339636363306664623439373065636438643131643132653130616265386562346666
64633730336431356464376233643636326534653434643163343566633531373163363936393961
32616134383164623863653361396331363132653331306238633438366132363535343132623639
62386139666330656133313031623336643866636237353364313131663264666661396335343530
64643938613666393430663332326533313835313961316636356261393235623338386135623064
65363565633632363062
